-------------------------------------------------------------------------------
A	|
-------------------------------------------------------------------------------
1	|
2	|
3	|
4	|
5	|

-------------------------------------------------------------------------------

-------------------------------------------------------------------------------
A	|PROV_R_1_A	|PROV_R_1_B	|_result_tid	|_prov_dup_count	|
-------------------------------------------------------------------------------
2	|2	|3	|1	|1	|
1	|1	|1	|2	|1	|
3	|3	|1	|3	|1	|
4	|4	|1	|4	|1	|
5	|5	|5	|5	|1	|

-------------------------------------------------------------------------------

-------------------------------------------------------------------------------
A	|PROV_R_3_A	|PROV_R_3_B	|_result_tid	|_prov_dup_count	|
-------------------------------------------------------------------------------
2	|2	|3	|1	|1	|
1	|1	|1	|2	|1	|
3	|3	|1	|3	|1	|
4	|4	|1	|4	|1	|
5	|5	|5	|5	|1	|

-------------------------------------------------------------------------------

-------------------------------------------------------------------------------
A	|
-------------------------------------------------------------------------------
1	|
2	|
3	|
4	|
5	|

-------------------------------------------------------------------------------

-------------------------------------------------------------------------------
A	|PROV_R_1_A	|PROV_R_1_B	|_result_tid	|_prov_dup_count	|
-------------------------------------------------------------------------------
2	|2	|3	|1	|1	|
1	|1	|1	|2	|1	|
3	|3	|1	|3	|1	|
4	|4	|1	|4	|1	|
5	|5	|5	|5	|1	|

-------------------------------------------------------------------------------

-------------------------------------------------------------------------------
A	|PROV_R_3_A	|PROV_R_3_B	|_result_tid	|_prov_dup_count	|
-------------------------------------------------------------------------------
2	|2	|3	|1	|1	|
1	|1	|1	|2	|1	|
3	|3	|1	|3	|1	|
4	|4	|1	|4	|1	|
5	|5	|5	|5	|1	|

-------------------------------------------------------------------------------

